         268

          17           2
           1           2
           1           1

          14           2
           1           5
           1           4

          23           3
           1          10
           1           9
           1           8

          16           3
           1          14
           1          13
           1          12

           8           2
           1          18
           1          17

           3           2
           1          21
           1          20

          16           5
           2           5
           2           4
           2           3
           2           2
           2           1

          30           4
           2          10
           2           9
           2           8
           2           7

          13           4
           2          15
           2          14
           2          13
           2          12

          22           5
           2          21
           2          20
           2          19
           2          18
           2          17

          27           6
           3           7
           3           6
           3           5
           3           4
           3           3
           3           2

          11           2
           3          10
           3           9

          17           2
           3          13
           3          12

          21           6
           3          20
           3          19
           3          18
           3          17
           3          16
           3          15

          13           3
           4           3
           4           2
           4           1

          45           9
           4          13
           4          12
           4          11
           4          10
           4           9
           4           8
           4           7
           4           6
           4           5

          14           4
           4          18
           4          17
           4          16
           4          15

           4           2
           4          21
           4          20

          35           5
           5           5
           5           4
           5           3
           5           2
           5           1

          11           2
           5           9
           5           8

          16           2
           5          12
           5          11

          10           2
           5          15
           5          14

          29           4
           5          21
           5          20
           5          19
           5          18

          17           2
           6           2
           6           1

          41           7
           6          10
           6           9
           6           8
           6           7
           6           6
           6           5
           6           4

          21           6
           6          17
           6          16
           6          15
           6          14
           6          13
           6          12

          23           3
           6          21
           6          20
           6          19

          17           2
           7           4
           7           3

           3           2
           7           7
           7           6

           6           3
           7          11
           7          10
           7           9

          16           2
           7          14
           7          13

          21           4
           7          19
           7          18
           7          17
           7          16

          38           6
           8           6
           8           5
           8           4
           8           3
           8           2
           8           1

          34           5
           8          15
           8          14
           8          13
           8          12
           8          11

          12           2
           8          18
           8          17

           4           2
           8          21
           8          20

          24           3
           9           3
           9           2
           9           1

          24           3
           9           7
           9           6
           9           5

          35           5
           9          13
           9          12
           9          11
           9          10
           9           9

          29           7
           9          21
           9          20
           9          19
           9          18
           9          17
           9          16
           9          15

           8           2
          10           2
          10           1

          41           7
          10          11
          10          10
          10           9
          10           8
          10           7
          10           6
          10           5

          29           4
          10          16
          10          15
          10          14
          10          13

          18           3
          10          20
          10          19
          10          18

          34           5
          11           6
          11           5
          11           4
          11           3
          11           2

          11           3
          11          10
          11           9
          11           8

          11           4
          11          15
          11          14
          11          13
          11          12

          30           4
          11          20
          11          19
          11          18
          11          17

          24           3
          12           4
          12           3
          12           2

          17           2
          12           7
          12           6

          16           5
          12          13
          12          12
          12          11
          12          10
          12           9

          14           3
          12          17
          12          16
          12          15

           7           3
          12          21
          12          20
          12          19

          16           2
          13           2
          13           1

          35           5
          13           8
          13           7
          13           6
          13           5
          13           4

           3           2
          13          11
          13          10

          17           2
          13          17
          13          16

          16           2
          13          21
          13          20

          16           5
          14           5
          14           4
          14           3
          14           2
          14           1

          41           7
          14          13
          14          12
          14          11
          14          10
          14           9
          14           8
          14           7

          41           7
          14          21
          14          20
          14          19
          14          18
          14          17
          14          16
          14          15

           4           2
          15           3
          15           2

           6           3
          15           7
          15           6
          15           5

           4           2
          15          10
          15           9

          10           4
          15          15
          15          14
          15          13
          15          12

          23           3
          15          20
          15          19
          15          18

          28           7
          16           9
          16           8
          16           7
          16           6
          16           5
          16           4
          16           3

          41           7
          16          19
          16          18
          16          17
          16          16
          16          15
          16          14
          16          13

          23           3
          17           4
          17           3
          17           2

          29           4
          17          10
          17           9
          17           8
          17           7

          17           2
          17          13
          17          12

          23           3
          17          17
          17          16
          17          15

          16           2
          17          20
          17          19

          42           7
          18           7
          18           6
          18           5
          18           4
          18           3
          18           2
          18           1

          34           7
          18          15
          18          14
          18          13
          18          12
          18          11
          18          10
          18           9

          35           5
          18          21
          18          20
          18          19
          18          18
          18          17

          15           2
          19           2
          19           1

           8           2
          19           6
          19           5

           3           2
          19          12
          19          11

          24           5
          19          18
          19          17
          19          16
          19          15
          19          14

          12           2
          19          21
          19          20

          10           3
          20           3
          20           2
          20           1

          24           3
          20           7
          20           6
          20           5

          16           5
          20          13
          20          12
          20          11
          20          10
          20           9

           4           2
          20          16
          20          15

          23           3
          20          20
          20          19
          20          18

          29           4
          21           5
          21           4
          21           3
          21           2

          10           4
          21          10
          21           9
          21           8
          21           7

          12           3
          21          14
          21          13
          21          12

          33           5
          21          20
          21          19
          21          18
          21          17
          21          16

          11           3
          22           4
          22           3
          22           2

          11           4
          22           9
          22           8
          22           7
          22           6

          42           7
          22          17
          22          16
          22          15
          22          14
          22          13
          22          12
          22          11

           4           2
          22          21
          22          20

          29           7
          23           7
          23           6
          23           5
          23           4
          23           3
          23           2
          23           1

          35           5
          23          13
          23          12
          23          11
          23          10
          23           9

          23           3
          23          17
          23          16
          23          15

           7           3
          23          21
          23          20
          23          19

          16           2
          24           2
          24           1

          16           2
          24           5
          24           4

          16           5
          24          11
          24          10
          24           9
          24           8
          24           7

          38           6
          24          21
          24          20
          24          19
          24          18
          24          17
          24          16

          27           4
          25           6
          25           5
          25           4
          25           3

           6           2
          25           9
          25           8

          23           3
          25          13
          25          12
          25          11

          12           2
          25          16
          25          15

           4           2
          25          19
          25          18

           6           3
          26           3
          26           2
          26           1

          22           6
          26          10
          26           9
          26           8
          26           7
          26           6
          26           5

          42           7
          26          18
          26          17
          26          16
          26          15
          26          14
          26          13
          26          12

           3           2
          26          21
          26          20

          23           4
          27           4
          27           3
          27           2
          27           1

           4           2
          27           8
          27           7

          11           2
          27          11
          27          10

           9           2
          27          14
          27          13

          16           5
          27          21
          27          20
          27          19
          27          18
          27          17

           4           2
          28           2
          28           1

          11           4
          28           7
          28           6
          28           5
          28           4

          45           9
          28          17
          28          16
          28          15
          28          14
          28          13
          28          12
          28          11
          28          10
          28           9

          20           3
          28          21
          28          20
          28          19

          21           6
          29           7
          29           6
          29           5
          29           4
          29           3
          29           2

          16           2
          29          10
          29           9

          17           2
          29          13
          29          12

          24           6
          29          20
          29          19
          29          18
          29          17
          29          16
          29          15

          34           5
          30           5
          30           4
          30           3
          30           2
          30           1

          29           4
          30          10
          30           9
          30           8
          30           7

          29           4
          30          15
          30          14
          30          13
          30          12

          30           5
          30          21
          30          20
          30          19
          30          18
          30          17

          13           2
          31           2
          31           1

           4           2
          31           5
          31           4

          23           3
          31          10
          31           9
          31           8

          16           3
          31          14
          31          13
          31          12

           4           2
          31          18
          31          17

           8           2
          31          21
          31          20

          12           2
           2           1
           1           1

          23           3
           6           1
           5           1
           4           1

          23           3
          10           1
           9           1
           8           1

          12           2
          14           1
          13           1

          16           3
          20           1
          19           1
          18           1

          17           2
          24           1
          23           1

           9           3
          28           1
          27           1
          26           1

          17           2
          31           1
          30           1

          38           6
           6           2
           5           2
           4           2
           3           2
           2           2
           1           2

          42           8
          15           2
          14           2
          13           2
          12           2
          11           2
          10           2
           9           2
           8           2

          41           8
          24           2
          23           2
          22           2
          21           2
          20           2
          19           2
          18           2
          17           2

          22           6
          31           2
          30           2
          29           2
          28           2
          27           2
          26           2

          11           4
           5           3
           4           3
           3           3
           2           3

          24           3
           9           3
           8           3
           7           3

          16           2
          12           3
          11           3

          16           5
          18           3
          17           3
          16           3
          15           3
          14           3

          17           4
          23           3
          22           3
          21           3
          20           3

           7           3
          27           3
          26           3
          25           3

          14           2
          30           3
          29           3

          23           3
           3           4
           2           4
           1           4

          30           4
           8           4
           7           4
           6           4
           5           4

          30           4
          14           4
          13           4
          12           4
          11           4

          24           3
          18           4
          17           4
          16           4

          34           5
          25           4
          24           4
          23           4
          22           4
          21           4

          27           5
          31           4
          30           4
          29           4
          28           4
          27           4

          21           6
           6           5
           5           5
           4           5
           3           5
           2           5
           1           5

          30           4
          11           5
          10           5
           9           5
           8           5

          14           4
          16           5
          15           5
          14           5
          13           5

          21           4
          21           5
          20           5
          19           5
          18           5

          30           4
          26           5
          25           5
          24           5
          23           5

          15           4
          31           5
          30           5
          29           5
          28           5

           3           2
           4           6
           3           6

          44           8
          13           6
          12           6
          11           6
          10           6
           9           6
           8           6
           7           6
           6           6

           4           2
          16           6
          15           6

          24           3
          20           6
          19           6
          18           6

           3           2
          23           6
          22           6

          14           2
          26           6
          25           6

           4           2
          29           6
          28           6

          17           3
           4           7
           3           7
           2           7

           3           2
           7           7
           6           7

          16           2
          10           7
           9           7

          42           7
          18           7
          17           7
          16           7
          15           7
          14           7
          13           7
          12           7

          17           5
          24           7
          23           7
          22           7
          21           7
          20           7

          15           5
          30           7
          29           7
          28           7
          27           7
          26           7

          16           2
           2           8
           1           8

          23           3
           6           8
           5           8
           4           8

          17           2
          11           8
          10           8

          17           2
          14           8
          13           8

          14           2
          17           8
          16           8

           4           2
          22           8
          21           8

          11           4
          27           8
          26           8
          25           8
          24           8

          16           2
          31           8
          30           8

          29           7
           7           9
           6           9
           5           9
           4           9
           3           9
           2           9
           1           9

          17           4
          12           9
          11           9
          10           9
           9           9

          15           5
          18           9
          17           9
          16           9
          15           9
          14           9

          29           7
          26           9
          25           9
          24           9
          23           9
          22           9
          21           9
          20           9

          30           4
          31           9
          30           9
          29           9
          28           9

          30           4
           4          10
           3          10
           2          10
           1          10

          10           2
           7          10
           6          10

          28           7
          15          10
          14          10
          13          10
          12          10
          11          10
          10          10
           9          10

          16           2
          18          10
          17          10

           3           2
          21          10
          20          10

          12           2
          24          10
          23          10

          32           6
          31          10
          30          10
          29          10
          28          10
          27          10
          26          10

          17           2
           5          11
           4          11

          14           4
          10          11
           9          11
           8          11
           7          11

          12           3
          14          11
          13          11
          12          11

           7           3
          20          11
          19          11
          18          11

          30           4
          25          11
          24          11
          23          11
          22          11

          14           2
          28          11
          27          11

          33           6
           6          12
           5          12
           4          12
           3          12
           2          12
           1          12

          16           2
           9          12
           8          12

           3           2
          12          12
          11          12

           3           2
          15          12
          14          12

          29           7
          23          12
          22          12
          21          12
          20          12
          19          12
          18          12
          17          12

          17           2
          26          12
          25          12

          29           4
          31          12
          30          12
          29          12
          28          12

          30           4
           4          13
           3          13
           2          13
           1          13

          42           7
          12          13
          11          13
          10          13
           9          13
           8          13
           7          13
           6          13

          34           5
          18          13
          17          13
          16          13
          15          13
          14          13

          11           4
          23          13
          22          13
          21          13
          20          13

          29           7
          31          13
          30          13
          29          13
          28          13
          27          13
          26          13
          25          13

           3           2
           2          14
           1          14

          30           4
           8          14
           7          14
           6          14
           5          14

           7           2
          11          14
          10          14

           6           2
          16          14
          15          14

           3           2
          19          14
          18          14

          17           2
          22          14
          21          14

          23           3
          28          14
          27          14
          26          14

          16           2
          31          14
          30          14

          15           5
           6          15
           5          15
           4          15
           3          15
           2          15

          35           5
          12          15
          11          15
          10          15
           9          15
           8          15

          28           7
          20          15
          19          15
          18          15
          17          15
          16          15
          15          15
          14          15

          16           2
          23          15
          22          15

          16           2
          26          15
          25          15

          23           3
          30          15
          29          15
          28          15

           4           2
           4          16
           3          16

           3           2
           7          16
           6          16

          13           2
          10          16
           9          16

          15           3
          14          16
          13          16
          12          16

          16           2
          17          16
          16          16

          44           8
          26          16
          25          16
          24          16
          23          16
          22          16
          21          16
          20          16
          19          16

           3           2
          29          16
          28          16

          17           4
           4          17
           3          17
           2          17
           1          17

          22           4
           9          17
           8          17
           7          17
           6          17

          29           4
          14          17
          13          17
          12          17
          11          17

          29           4
          19          17
          18          17
          17          17
          16          17

          30           4
          24          17
          23          17
          22          17
          21          17

          21           6
          31          17
          30          17
          29          17
          28          17
          27          17
          26          17

          35           5
           5          18
           4          18
           3          18
           2          18
           1          18

          20           5
          11          18
          10          18
           9          18
           8          18
           7          18

          23           3
          16          18
          15          18
          14          18

          29           4
          21          18
          20          18
          19          18
          18          18

          11           4
          27          18
          26          18
          25          18
          24          18

          20           3
          31          18
          30          18
          29          18

           3           2
           3          19
           2          19

          20           3
           7          19
           6          19
           5          19

          26           4
          12          19
          11          19
          10          19
           9          19

          35           5
          18          19
          17          19
          16          19
          15          19
          14          19

          17           2
          21          19
          20          19

          13           3
          25          19
          24          19
          23          19

          16           4
          30          19
          29          19
          28          19
          27          19

          21           6
           6          20
           5          20
           4          20
           3          20
           2          20
           1          20

          40           8
          15          20
          14          20
          13          20
          12          20
          11          20
          10          20
           9          20
           8          20

          43           8
          24          20
          23          20
          22          20
          21          20
          20          20
          19          20
          18          20
          17          20

          35           6
          31          20
          30          20
          29          20
          28          20
          27          20
          26          20

           3           2
           2          21
           1          21

          18           3
           6          21
           5          21
           4          21

           3           2
           9          21
           8          21

          19           3
          14          21
          13          21
          12          21

          16           2
          19          21
          18          21

           6           3
          24          21
          23          21
          22          21

           6           3
          28          21
          27          21
          26          21

           4           2
          31          21
          30          21

